9 3 1 5 7 2 6 10 4 8 
4 8 10 7 2 1 9 3 5 6 
4 8 3 6 7 5 10 2 1 9 
3 5 6 10 1 4 9 7 8 2 
1 3 8 4 5 9 10 7 2 6 
3 7 1 9 10 2 8 4 5 6 
3 9 7 6 8 2 5 1 4 10 
2 4 10 9 3 7 8 6 1 5 
6 7 2 1 10 5 8 9 4 3 
1 2 4 8 3 7 9 10 6 5 
7 6 8 2 4 1 9 10 5 3 
5 3 4 2 9 8 10 1 7 6 
1 10 4 8 6 5 7 2 3 9 
2 5 6 10 3 8 4 1 9 7 
6 5 1 7 2 8 10 9 3 4 
5 1 10 8 6 7 3 9 2 4 
9 7 1 10 3 6 5 4 8 2 
9 7 5 1 6 10 8 2 4 3 
1 8 4 2 5 3 7 9 10 6 
1 9 7 5 4 8 2 6 10 3 
10 4 6 9 7 8 5 3 2 1 
3 1 7 6 2 5 4 8 10 9 
9 8 3 1 2 5 6 7 10 4 
8 1 6 7 3 4 9 10 5 2 
2 4 6 1 5 7 10 3 8 9 
7 4 10 6 8 3 9 5 2 1 
3 7 4 1 5 8 10 9 2 6 
8 1 3 4 5 2 7 10 9 6 
8 10 4 9 3 6 2 7 1 5 
1 4 8 6 10 7 3 5 2 9 